$x
  [1] 2.550 2.525 3.275 2.350 4.875 4.350 3.900 4.550 4.550 2.575 3.650 3.775 2.575 3.400 2.425
 [16] 4.300 2.675 3.500 2.400 3.275 2.375 3.725 4.875 3.850 4.300 3.925 3.900 3.950 2.125 3.300
 [31] 2.225 2.675 4.550 4.550 4.550 2.575 2.875 4.850 3.550 4.550 3.900 5.100 2.675 2.375 2.575
 [46] 3.600 2.350 3.200 3.925 3.875 2.925 2.675 2.675 3.400 2.450 4.550 2.225 3.425 3.525 2.100
 [61] 3.775 2.675 4.100 4.875 2.825 3.900 3.000 3.575 4.000 2.125 4.875 4.375 4.800 4.525 3.875
 [76] 4.775 2.350 3.925 4.250 3.200 3.850 4.525 3.875 4.350 3.400 3.275 3.850 4.100 4.425 2.350
 [91] 4.300 2.350 3.975 4.825 2.725 2.550 3.200 4.300 4.800 2.825 2.900 4.350 3.950 3.725 2.875
[106] 3.850 5.100 2.400 2.675 4.375 3.650 2.575 2.425 3.975 3.850 4.550 3.400 2.700 2.525 3.850
[121] 2.675 4.525 3.275 4.350 4.525 2.350 2.850 3.775 2.900 2.675 3.400 3.875 4.450 3.925 2.675
[136] 4.200 4.100 3.725 3.950 2.425 2.925 3.300 2.400 2.100 4.025 3.850 2.675 2.400 2.425 2.550

$lambda
[1] 0.3494367 0.6505633

$mu
[1] 2.533562 3.997581

$sigma
[1] 0.2198552 0.5382553

$loglik
[1] -158.9066

$posterior
             comp.1      comp.2
  [1,] 9.799147e-01 0.020085319
  [2,] 9.822856e-01 0.017714401
  [3,] 1.086190e-02 0.989138100
  [4,] 9.901468e-01 0.009853213
  [5,] 1.166808e-24 1.000000000
  [6,] 2.451942e-15 1.000000000
  [7,] 5.470540e-09 0.999999995
  [8,] 1.206055e-18 1.000000000
  [9,] 1.206055e-18 1.000000000
 [10,] 9.769929e-01 0.023007121
 [11,] 4.073560e-06 0.999995926
 [12,] 1.707993e-07 0.999999829
 [13,] 9.769929e-01 0.023007121
 [14,] 1.031832e-03 0.998968168
 [15,] 9.881075e-01 0.011892475
 [16,] 1.478290e-14 1.000000000
 [17,] 9.563008e-01 0.043699197
 [18,] 1.283845e-04 0.999871615
 [19,] 9.889482e-01 0.011051800
 [20,] 1.086190e-02 0.989138100
 [21,] 9.896200e-01 0.010380016
 [22,] 6.273612e-07 0.999999373
 [23,] 1.166808e-24 1.000000000
 [24,] 2.237940e-08 0.999999978
 [25,] 1.478290e-14 1.000000000
 [26,] 2.661357e-09 0.999999997
 [27,] 5.470540e-09 0.999999995
 [28,] 1.280847e-09 0.999999999
 [29,] 9.900366e-01 0.009963388
 [30,] 6.944823e-03 0.993055177
 [31,] 9.910892e-01 0.008910752
 [32,] 9.563008e-01 0.043699197
 [33,] 1.206055e-18 1.000000000
 [34,] 1.206055e-18 1.000000000
 [35,] 1.206055e-18 1.000000000
 [36,] 9.769929e-01 0.023007121
 [37,] 7.760466e-01 0.223953412
 [38,] 3.611728e-24 1.000000000
 [39,] 4.243593e-05 0.999957564
 [40,] 1.206055e-18 1.000000000
 [41,] 5.470540e-09 0.999999995
 [42,] 2.754362e-29 1.000000000
 [43,] 9.563008e-01 0.043699197
 [44,] 9.896200e-01 0.010380016
 [45,] 9.769929e-01 0.023007121
 [46,] 1.343431e-05 0.999986566
 [47,] 9.901468e-01 0.009853213
 [48,] 3.832553e-02 0.961674466
 [49,] 2.661357e-09 0.999999997
 [50,] 1.112445e-08 0.999999989
 [51,] 6.624659e-01 0.337534062
 [52,] 9.563008e-01 0.043699197
 [53,] 9.563008e-01 0.043699197
 [54,] 1.031832e-03 0.998968168
 [55,] 9.870669e-01 0.012933076
 [56,] 1.206055e-18 1.000000000
 [57,] 9.910892e-01 0.008910752
 [58,] 6.229202e-04 0.999377080
 [59,] 7.421084e-05 0.999925789
 [60,] 9.894780e-01 0.010521970
 [61,] 1.707993e-07 0.999999829
 [62,] 9.563008e-01 0.043699197
 [63,] 1.269438e-11 1.000000000
 [64,] 1.166808e-24 1.000000000
 [65,] 8.542280e-01 0.145771996
 [66,] 5.470540e-09 0.999999995
 [67,] 4.355598e-01 0.564440182
 [68,] 2.400577e-05 0.999975994
 [69,] 2.872434e-10 1.000000000
 [70,] 9.900366e-01 0.009963388
 [71,] 1.166808e-24 1.000000000
 [72,] 9.825792e-16 1.000000000
 [73,] 3.350504e-23 1.000000000
 [74,] 3.245339e-18 1.000000000
 [75,] 1.112445e-08 0.999999989
 [76,] 1.004129e-22 1.000000000
 [77,] 9.901468e-01 0.009853213
 [78,] 2.661357e-09 0.999999997
 [79,] 8.536787e-14 1.000000000
 [80,] 3.832553e-02 0.961674466
 [81,] 2.237940e-08 0.999999978
 [82,] 3.245339e-18 1.000000000
 [83,] 1.112445e-08 0.999999989
 [84,] 2.451942e-15 1.000000000
 [85,] 1.031832e-03 0.998968168
 [86,] 1.086190e-02 0.989138100
 [87,] 2.237940e-08 0.999999978
 [88,] 1.269438e-11 1.000000000
 [89,] 1.527729e-16 1.000000000
 [90,] 9.901468e-01 0.009853213
 [91,] 1.478290e-14 1.000000000
 [92,] 9.901468e-01 0.009853213
 [93,] 6.098359e-10 0.999999999
 [94,] 1.105992e-23 1.000000000
 [95,] 9.364125e-01 0.063587537
 [96,] 9.799147e-01 0.020085319
 [97,] 3.832553e-02 0.961674466
 [98,] 1.478290e-14 1.000000000
 [99,] 3.350504e-23 1.000000000
[100,] 8.542280e-01 0.145771996
[101,] 7.239070e-01 0.276093014
[102,] 2.451942e-15 1.000000000
[103,] 1.280847e-09 0.999999999
[104,] 6.273612e-07 0.999999373
[105,] 7.760466e-01 0.223953412
[106,] 2.237940e-08 0.999999978
[107,] 2.754362e-29 1.000000000
[108,] 9.889482e-01 0.011051800
[109,] 9.563008e-01 0.043699197
[110,] 9.825792e-16 1.000000000
[111,] 4.073560e-06 0.999995926
[112,] 9.769929e-01 0.023007121
[113,] 9.881075e-01 0.011892475
[114,] 6.098359e-10 0.999999999
[115,] 2.237940e-08 0.999999978
[116,] 1.206055e-18 1.000000000
[117,] 1.031832e-03 0.998968168
[118,] 9.475032e-01 0.052496847
[119,] 9.822856e-01 0.017714401
[120,] 2.237940e-08 0.999999978
[121,] 9.563008e-01 0.043699197
[122,] 3.245339e-18 1.000000000
[123,] 1.086190e-02 0.989138100
[124,] 2.451942e-15 1.000000000
[125,] 3.245339e-18 1.000000000
[126,] 9.901468e-01 0.009853213
[127,] 8.191873e-01 0.180812718
[128,] 1.707993e-07 0.999999829
[129,] 7.239070e-01 0.276093014
[130,] 9.563008e-01 0.043699197
[131,] 1.031832e-03 0.998968168
[132,] 1.112445e-08 0.999999989
[133,] 5.927448e-17 1.000000000
[134,] 2.661357e-09 0.999999997
[135,] 9.563008e-01 0.043699197
[136,] 4.721877e-13 1.000000000
[137,] 1.269438e-11 1.000000000
[138,] 6.273612e-07 0.999999373
[139,] 1.280847e-09 0.999999999
[140,] 9.881075e-01 0.011892475
[141,] 6.624659e-01 0.337534062
[142,] 6.944823e-03 0.993055177
[143,] 9.889482e-01 0.011051800
[144,] 9.894780e-01 0.010521970
[145,] 1.338469e-10 1.000000000
[146,] 2.237940e-08 0.999999978
[147,] 9.563008e-01 0.043699197
[148,] 9.889482e-01 0.011051800
[149,] 9.881075e-01 0.011892475
[150,] 9.799147e-01 0.020085319

$all.loglik
 [1] -376.1486 -189.5194 -185.4167 -185.2473 -185.1742 -185.0457 -184.6710 -183.3412 -178.9808
[10] -171.4079 -165.8153 -162.8094 -161.1069 -160.0848 -159.4757 -159.1511 -159.0016 -158.9409
[19] -158.9185 -158.9106 -158.9079 -158.9070 -158.9067 -158.9066 -158.9066 -158.9066 -158.9066
[28] -158.9066 -158.9066 -158.9066 -158.9066 -158.9066 -158.9066

$restarts
[1] 0

$ft
[1] "normalmixEM"

attr(,"class")
[1] "mixEM"
         df      BIC
fitNORM   2 380.6119
fitLNORM  2 382.5133
fitEXP    1 679.6371
[1] "BIC for GMM:  337.855681723419"
